Full heuristic:
MCT win rates: [0.9, 0.9, 1.0, 1.0, 0.1, 0.5, 0.4, 0.0]
Expectation win rates: [0.9, 1.0, 1.0, 1.0, 0.4, 0.8, 0.4, 0.0]
One Shot win rates: [0.9, 1.0, 1.0, 0.4, 0.1, 0.0, 0.4, 0.0] (Kelly)
One Shot win rates: [0.9, 0.9, 0.9, 0.3, 0.1, 0.3, 0.3, 0.0] (Full heuristic)
One Shot win rates: [0.5, 0.0, 0.1, 0.3, 0.0] (Without being conservative on stack)

Expectation win rates: [0.9, 1.0, 0.8, 1.0, 0.5, 0.6, 0.5, 0.1] (Fold Heuristic)

  Avg Remain Info [0.24766699999999994, 0.16949899999999998, 0.12006300000000003]
Confidence Probabilities: [[0.04  0.076 0.126 0.168 0.212 0.267 0.321 0.362 0.425 0.495 0.566 0.635
  0.693 0.759 0.821 0.866 0.895 0.921 0.948 1.   ]
 [0.075 0.15  0.208 0.258 0.308 0.358 0.405 0.479 0.548 0.611 0.657 0.693
  0.724 0.751 0.778 0.802 0.82  0.843 0.861 1.   ]
 [0.094 0.176 0.258 0.32  0.403 0.453 0.517 0.589 0.63  0.666 0.712 0.741
  0.766 0.785 0.803 0.818 0.836 0.85  0.86  1.   ]]

FIXED: 
MCT win rates: [1.0, 1.0, 0.8, 0.8, 0.4, 0.4, 0.6, 0.0]
Expectation win rates: [0.9, 0.8, 0.7, 1.0, 0.2, 0.8, 0.2, 0.0]
One Shot win rates: [0.7, 0.7, 0.6, 0.1, 0.0, 0.1, 0.0, 0.0]
Info win rates: [0.0, 0.4, 0.2, 0.4, 0.2, 0.0, 0.0, 0.3]
Info2 win rates: [0.0, 0.3, 0.2, 1.0, 0.1, 0.0, 0.0, 0.0]

FIXED
MCT win rates: [1.0, 0.9, 0.8, 0.7, 0.3, 0.4, 0.3, 0.0]
Expectation win rates: [0.9, 1.0, 0.9, 1.0, 0.5, 0.6, 0.8, 0.0]
Info2 [1.0, 1.0, 0.9, 1.0, 0.3, 0.8, 0.6, 0.1]
Info win rates (epsilon0.25): [0.9, 1.0, 1.0, 0.9, 0.2, 0.1, 0.5, 0.0]
Info win rates (epsilon0.3): [0.9, 0.8, 0.8, 0.2, 0.1, 0.2, 0.1, 0.0]
Info2 win rates: [0.8, 1.0, 0.9, 1.0, 0.3, 0.6, 0.5, 0.5]
Info3 win rates: [0.7, 0.9, 1.0, 1.0, 0.7, 0.8, 0.5, 0.5]


FINAL
MCT win rates: [[0.95, 1.0, 0.95, 0.8, 0.1, 0.4, 0.25, 0.1], [0.9, 1.0, 0.8, 0.8, 0.15, 0.325, 0.3, 0.25]]
Expectation win rates: [[0.95, 0.95, 1.0, 1.0, 0.5, 0.75, 1.0, 0.4], [0.95, 1.0, 1.0, 0.95, 0.55, 0.55, 0.35, 0.55]]
Info win rates: [[0.9, 0.95, 0.9, 0.775, 0.15, 0.45, 0.85, 0.15], [1.0, 0.95, 0.7, 0.7, 0.2, 0.3, 0.3, 0.05]]
Info2 win rates: [[0.95, 1.0, 1.0, 1.0, 0.5, 0.8, 1.0, 0.2], [0.95, 1.0, 0.95, 1.0, 0.5, 0.75, 0.35, 0.4]]
Info3 win rates: [[0.95, 0.95, 0.5, 1.0, 0.2, 0.7, 0.85, 0.5], [0.95, 0.95, 0.85, 1.0, 0.35, 0.65, 0.45, 0.5]]

MEAN
MCT win rates: [0.925, 1.0, 0.875, 0.8, 0.125, 0.3625, 0.275, 0.175]
Expectation win rates: [0.95, 0.975, 1.0, 0.975, 0.525, 0.65, 0.675, 0.475]
Info win rates: [0.95, 0.95, 0.8, 0.7375, 0.175, 0.375, 0.575, 0.1]
Info2 win rates: [0.95, 1.0, 0.975, 1.0, 0.5, 0.775, 0.675, 0.3]
Info3 win rates: [0.95, 0.95, 0.675, 1.0, 0.275, 0.675, 0.65, 0.5]